894 72 378 -464 -488 -304 3 1
-1352 486 233 232 299 6 3
837 215 -272 -364 -242 -280 38 140 4 4
616 -315 -6 -250 -68 4 1
-2323 215 327 335 267 354 326 12 2
280 38 -11 -141 -186 3 1
-1085 352 413 493 -168 1 1
316 77 -272 -490 146 224 2 2
194 -134 -142 -114 196 6 2
-692 453 -41 -51 -260 283 339 -43 -79 141 6 6
-602 -44 479 223 202 -130 272 -404 1 1
-486 -163 260 331 250 -177 6 2
421 -40 -236 296 -441 1 1
415 -368 218 -217 191 -307 104 134 20 -193 3 1
781 13 -14 -474 -183 -144 433 -227 -215 3 1
-1004 341 45 -16 137 292 304 -69 188 -198 1 1
-323 371 -86 264 -225 1 1
-355 -110 207 -234 473 3 1
-1082 339 448 81 204 2 2
673 -203 -26 -490 -55 -365 476 3 1
289 -488 185 200 -187 4 2
-610 467 249 19 -68 12 2
1097 -279 -314 -304 -220 225 -189 2 1
-603 -95 431 481 -369 -59 225 3 1
-94 97 328 -153 191 -404 -165 264 -226 132 12 4
1260 -384 -461 90 458 -381 -237 -12 -255 2 1
-306 -93 83 365 -469 292 -236 60 288 1 1
269 377 12 -262 -467 451 -394 2 1
-451 236 351 -183 50 1 1
1090 499 -406 -462 -477 -268 -286 -147 16 427 2 2
-436 463 -124 20 -308 233 -77 6 -19 263 4 2
-7 229 -157 -29 -87 35 12 12
-249 178 -293 -114 353 -214 29 -121 449 3 1
989 232 -416 341 -214 -493 257 -173 -498 1 1
-522 240 455 -158 297 -308 4 4
-1414 312 449 291 385 -152 403 186 12 4
1180 -399 -348 -91 -286 222 -285 1 1
415 -8 165 -251 -359 44 1 1
17 23 -5 -351 -191 -320 440 333 4 4
363 -180 -273 368 -281 2 2
420 319 -353 -327 -64 1 1
-658 275 325 173 115 172 -180 -63 -159 1 1
1609 -437 -424 -368 327 -427 -301 -50 12 6
779 -315 -439 270 -288 6 6
-848 86 -52 340 430 412 -109 339 -97 -482 3 3
-624 -12 123 308 -345 497 -109 44 77 3 1
568 -362 -201 -122 204 -400 -96 213 196 1 1
837 -329 128 -234 -315 -110 6 6
-70 -389 -450 379 44 97 454 3 1
-690 292 208 86 -81 237 6 1
-998 437 -347 475 -1 442 6 3
839 -92 -334 -321 -134 -18 122 12 2
-966 -78 459 17 285 -339 385 317 3 3
-859 481 -101 169 277 72 3 3
350 23 100 305 -473 -96 -186 4 1
-949 134 -368 219 68 488 307 6 2
-759 458 -204 463 401 -296 6 2
-110 372 -278 -107 123 1 1
-1064 128 443 379 -86 486 -300 1 1
-120 -2 -57 411 -379 83 -205 265 -500 480 3 1
162 -233 419 -232 480 -416 -403 155 12 2
-21 -220 -215 -454 284 -394 336 273 147 269 1 1
75 -411 202 -127 108 -174 42 269 3 1
-39 10 -220 -133 322 455 -400 3 3
-612 415 -190 -313 155 304 211 364 -319 1 1
-153 -318 159 -71 473 -78 2 2
592 -254 86 -99 -344 6 6
450 207 -207 -230 -171 -26 2 2
35 -271 392 51 -124 -128 405 -305 -218 150 4 4
430 327 -154 -69 -411 105 -198 -29 3 3
1156 337 187 -293 -451 -88 -152 -497 -343 261 2 2
-1112 -153 488 -25 -33 339 222 12 4
-465 115 336 -224 -32 -158 10 404 45 3 3
606 17 291 -166 -214 -257 12 12
7 -499 -186 -349 484 388 351 347 -203 12 2
959 -279 -112 389 -430 -185 -418 24 3 1
631 -275 -464 443 -166 361 -500 2 1
861 -454 10 401 73 -497 -461 -205 12 2
375 -253 336 -99 78 -346 -78 4 2
162 14 -2 -136 175 -215 -130 -7 129 3 3
-1555 -361 399 402 125 394 214 471 3 3
370 -475 -272 470 164 -272 -372 234 151 3 1
117 -444 135 191 -331 35 479 -181 1 1
-386 298 328 99 -349 10 2 2
-180 153 178 480 -464 -170 1 1
194 114 438 78 -212 -499 6 1
53 -467 220 -199 469 12 1
7 -34 -208 90 -16 401 -237 6 6
-1114 443 -382 380 205 431 3 1
-378 -136 363 -148 -353 420 472 -342 12 1
439 381 -372 -167 -190 -367 423 -180 6 1
-141 -306 96 335 88 -125 12 12
706 0 -480 -199 428 -262 -241 4 2
-860 272 189 375 320 -69 -362 128 12 6
-554 473 -349 414 -196 387 -412 325 -186 129 3 3
473 -27 -340 233 -452 12 4
-745 285 354 -153 290 12 12
-135 265 -245 -499 -181 387 427 3 3
588 -488 -482 72 -305 -71 330 342 3 1
45 -89 310 -217 -49 2 2
69 395 -249 -246 185 69 -286 420 -344 3 3
-1798 -127 246 406 482 364 405 1 1
-343 74 -337 -118 179 415 -330 409 127 -91 1 1
1247 201 -434 -249 -465 -416 302 -441 136 6 3
-269 -14 396 112 -145 -64 349 -419 -341 390 4 1
300 -408 -412 6 -389 354 231 455 39 12 12
-1422 476 -2 -11 349 129 487 1 1
26 422 -213 269 -126 -386 2 1
-272 483 -266 433 -225 216 182 -357 143 -317 3 1
238 267 148 492 -405 -335 280 -132 -428 -104 1 1
297 -191 64 -279 168 105 293 -453 1 1
-464 84 -284 496 -176 120 234 4 2
-296 374 176 450 -368 -341 3 3
-61 -72 171 479 -389 351 -464 3 3
-447 223 182 -469 -493 -191 445 440 143 53 4 4
-321 113 403 189 -50 -180 -146 2 1
851 -267 -5 -344 -81 356 -496 1 1
-1310 420 381 -80 263 -77 -302 387 -145 408 3 1
-58 -306 11 365 -49 -119 162 -14 4 1
636 -349 239 -267 -14 -323 274 -246 3 1
929 -401 -93 -396 -15 3 1
-298 492 -401 481 64 439 -347 24 77 -490 4 4
-5 236 -394 429 -402 429 -28 -275 12 2
468 24 165 -231 -16 -38 -270 150 -176 6 2
-1003 127 395 346 -243 54 497 6 1
1183 -485 423 -29 453 -345 -405 -289 -89 -424 1 1
-1130 347 371 353 -227 98 -7 248 2 2
873 -380 -31 -441 44 -213 43 296 -11 -178 3 3
-72 -410 336 140 -5 12 12
-596 -276 420 57 346 4 4
743 151 14 -169 -56 -85 -406 -166 1 1
-847 7 119 397 342 1 1
-1436 -78 358 437 -48 -358 265 248 333 235 2 2
-324 -270 433 88 5 -97 168 2 1
167 -125 -273 -229 80 334 -34 -153 242 4 2
-61 -334 295 5 167 -72 1 1
264 -332 -139 81 -271 305 -113 399 -355 141 4 4
226 236 -237 -323 -47 236 380 -422 76 -182 6 2
140 442 287 290 -103 -274 -363 -194 264 -446 1 1
-445 -256 -28 47 254 221 137 3 3
872 -161 -48 -186 -402 6 2
-102 -323 -214 22 462 267 28 156 -118 67 12 4
-742 -36 -87 343 -115 380 244 6 3
-1083 387 36 425 234 3 1
-40 187 -161 -322 65 266 4 1
-335 266 -287 -64 429 1 1
342 388 -390 49 161 -331 -74 -279 144 1 1
-323 20 65 -23 240 3 3
-468 7 435 -151 174 1 1
1207 -164 -441 -353 -220 -367 12 1
546 -212 -276 -108 38 3 1
-547 237 -141 -131 57 446 159 4 4
1221 -374 -123 -37 442 -375 -344 -393 6 3
944 -261 -466 -373 318 -365 212 4 2
-921 299 -447 -85 335 476 165 -17 245 2 2
-707 -251 277 -270 144 383 263 12 3
-1138 397 336 -42 436 1 1
-928 -271 460 -228 136 138 -16 110 443 156 1 1
-1302 110 -276 484 -222 405 468 57 12 1
723 -467 -433 93 235 53 -34 -156 -1 2 2
1133 -415 -29 218 439 -337 -362 -85 -485 2 1
364 86 -40 14 -140 -474 12 1
1112 -35 -268 -322 -179 -234 105 12 1
-443 194 76 -369 437 -315 261 295 -396 264 3 1
866 -434 499 -195 -101 -200 -366 3 3
996 -369 45 -443 -467 -218 122 180 130 12 2
221 -334 195 52 -251 -208 323 3 1
-375 203 440 376 355 -310 -283 -408 3 3
2120 -408 -217 -474 -447 -133 -488 -385 43 223 4 1
-24 -31 176 -67 -29 401 185 9 -465 -156 3 1
-224 -126 409 285 -97 -247 1 1
563 195 -403 241 -399 -199 -430 -178 313 278 6 3
-7 211 -112 212 -355 12 12
-583 161 432 -155 -78 43 187 2 1
1000 287 261 -411 -353 -229 342 -274 -461 6 1
1093 -255 -431 -68 -177 -185 95 144 -465 188 3 3
-828 -2 63 232 -150 182 474 2 1
378 349 -319 -244 -487 148 178 2 2
-26 -317 327 178 -112 -50 1 1
-164 -117 -85 170 -212 434 3 1
539 -312 463 -416 -261 1 1
999 -418 15 98 13 420 -470 -382 -353 154 4 1
-88 375 -286 -431 162 269 3 1
1756 -378 -163 -63 202 -435 -460 -420 -320 290 1 1
246 430 200 -211 -379 -248 4 2
-172 137 -80 386 6 40 -332 6 6
-160 -98 248 279 -454 367 -356 -143 321 1 1
-646 95 471 -66 153 2 2
1035 -307 -363 -3 -47 -453 -87 445 -169 62 12 4
-376 -452 -15 119 361 98 27 232 1 1
653 156 388 -311 -408 -68 -281 6 2
62 -360 189 -418 490 40 1 1
1267 -146 -207 417 -415 317 -86 -255 -421 -401 1 1
-1519 484 -74 479 107 180 12 1
-115 232 344 -212 -241 -126 339 -490 12 260 3 1
-609 -78 19 388 -325 216 -135 269 134 328 6 2
676 -67 -372 177 -417 6 1
349 443 -496 228 41 -281 -308 -13 6 1
961 -152 -492 371 -488 -307 59 2 1
-16 -466 -357 -198 -131 -293 437 463 379 164 1 1
724 -86 -86 351 -290 -288 384 -323 -221 -128 1 1
169 60 205 -27 -410 3 3
-34 -99 141 278 -340 33 -231 268 12 4
-361 -339 118 -84 307 101 148 12 6
59 -497 85 48 -128 456 4 4
-536 489 441 -363 -178 273 -494 438 -39 -32 3 1
-861 -109 380 73 432 95 40 -180 12 12
-1221 275 391 263 191 427 -271 -56 4 4
-161 436 139 -276 -331 -109 -41 345 4 1
-385 -131 351 298 -150 276 -452 90 -342 438 2 1
29 265 -294 115 441 -89 -473 4 1
205 -74 -302 309 129 -265 1 1
1715 -316 143 -332 -290 -100 -499 87 -338 4 2
-93 199 -23 441 -347 -481 302 1 1
1205 -415 -142 -75 -493 136 -165 2 1
-333 32 49 16 37 76 55 12 6
138 460 240 -342 -263 22 -340 12 6
275 -212 370 13 -378 -363 274 12 4
54 -215 170 344 84 -433 4 2
618 -348 -143 -214 55 -93 418 -89 -167 6 2
619 -397 -138 -467 442 -60 2 2
84 -440 409 30 -82 3 3
-615 214 -122 125 -165 17 354 39 416 12 3
29 -487 428 242 3 -474 258 2 1
65 -309 246 -47 416 -299 361 276 -428 -272 1 1
-514 178 473 303 -427 12 4
-7 105 -168 202 127 -258 4 4
400 -404 75 -185 385 -19 -162 -106 4 1
1004 57 -84 -234 -39 -299 197 -476 -326 4 2
-702 494 -201 307 -318 -28 12 428 54 4 2
-1513 -51 426 -147 495 279 381 4 1
118 -61 392 78 -196 -473 12 12
313 -336 151 -286 -123 210 71 4 2
-5 423 -155 -154 -199 194 258 -387 288 -229 4 1
-705 32 -56 308 160 496 -74 -188 2 2
200 390 -137 -315 421 -493 5 12 2
837 -238 -162 114 317 -67 -482 -314 6 3
-363 -4 -119 199 236 -142 477 -300 2 2
1016 -26 -343 -181 -452 2 2
241 -228 284 -349 -62 117 6 2
-187 -75 -226 -137 76 186 362 3 1
421 133 -258 77 261 29 -457 -237 2 2
260 -344 -267 372 -125 -268 326 12 1
-1852 348 -381 300 -124 489 376 361 482 1 1
-818 -232 265 324 344 -387 218 290 3 1
1651 -400 -433 -247 -498 104 149 53 -261 -306 6 1
-766 338 424 -212 -3 -71 26 478 12 12
-654 332 -292 173 341 12 6
-1573 366 341 -190 320 60 190 117 12 2
1744 274 -32 -238 153 -77 -184 -390 -363 -356 6 3
775 -107 242 464 -129 -496 -410 -387 1 1
-716 -21 495 423 -102 -69 1 1
465 -268 -339 -428 442 129 3 3
2196 -25 -413 226 -438 -376 -344 -51 -395 325 12 6
315 -347 173 496 -477 -178 3 3
797 -183 -345 310 -275 -401 6 1
-245 342 162 82 94 -176 -273 3 1
1160 365 -497 -328 -207 -15 -443 1 1
-539 111 300 -32 312 -277 223 -139 27 4 1
-10 -285 -133 244 452 26 -285 3 1
785 -315 25 -157 -269 230 -127 12 6
1209 -419 220 114 437 201 -439 -492 -337 156 12 3
545 156 106 272 -65 -374 -480 -301 -206 211 4 2
-566 86 464 103 276 -196 346 -478 12 12
-671 -433 -320 -12 356 469 426 290 -109 2 1
-583 472 305 137 -488 -94 249 -16 6 6
-94 53 18 278 -256 4 1
-756 105 225 450 316 -71 -104 -160 4 1
219 212 -265 204 -446 147 -328 -133 151 237 1 1
-696 0 -172 381 472 1 1
-1263 129 258 111 309 488 1 1
-1090 93 -317 374 482 468 1 1
-835 24 -147 -131 -100 330 309 129 491 2 2
-154 -176 60 423 -122 12 2
-347 -165 -20 -42 223 344 3 1
-22 -283 172 360 -426 -20 264 -46 3 3
-129 338 465 -322 -435 74 3 1
-425 99 216 -178 -178 -274 419 345 -10 2 2
-155 261 -346 189 335 266 -468 -271 -110 298 2 2
-607 100 445 -83 -169 255 52 2 2
85 -431 181 -393 340 72 183 4 1
641 213 -414 -249 -343 409 -500 205 3 1
-243 6 -316 351 372 168 -409 -179 223 4 2
780 309 101 -481 -251 -412 -246 260 -60 4 4
-350 424 -396 -367 123 -13 464 236 -269 150 1 1
626 -415 -260 -321 362 3 3
520 236 -137 -332 24 -290 -53 4 4
-133 297 -24 291 152 47 16 -384 4 -198 3 3
-848 300 8 -262 255 446 294 238 12 4
42 -153 170 76 113 -249 4 2
-703 173 -483 397 375 -191 -64 416 92 2 2
530 449 -374 65 -320 -406 -387 425 1 1
-962 146 102 217 460 12 3
-639 -331 136 -105 -77 327 425 213 4 2
525 -45 -70 200 -469 -151 2 1
-320 -323 -93 279 -454 475 404 141 4 4
883 -415 242 -389 13 -290 3 1
-201 -402 88 -296 437 346 2 2
-917 -347 499 482 359 3 1
1184 -388 -298 397 -401 -330 -158 -40 195 -112 12 3
-960 432 250 287 82 12 12
429 131 159 41 -478 -241 2 1
-1460 279 -325 172 401 -11 500 139 305 1 1
1171 -379 -250 -365 -349 -17 -33 237 4 1
865 -198 -432 -26 -202 3 1
695 -380 -172 333 462 -358 -184 -385 19 -104 4 2
679 -226 -397 -427 172 183 12 2
151 -184 -66 95 -359 358 6 2
356 -420 423 221 -326 -486 -387 203 413 2 1
609 -8 -492 -23 -58 6 3
733 -224 318 -331 470 -237 -396 -43 -217 -84 1 1
546 263 116 -494 -469 2 2
588 208 -267 -219 259 -399 -104 -224 168 3 1
612 -10 376 -250 -280 31 -428 3 3
1726 -496 -153 -326 3 158 -493 131 -215 -455 2 2
681 -206 176 -429 347 -175 -484 -120 216 4 1
-569 350 319 278 -275 145 -439 400 -209 4 2
1031 -137 -19 -457 -52 -249 -232 -61 227 3 1
-738 -183 404 479 59 -479 135 325 455 -478 4 2
89 -179 268 -161 -22 12 4
-118 491 -362 187 328 -122 112 -489 2 2
0 492 -315 313 -280 243 -494 -250 -73 313 12 1
-2217 292 78 292 130 419 172 372 423 -311 12 6
-642 373 175 110 340 441 -341 -461 3 3
-387 332 -91 -20 -90 386 12 2
608 -348 5 25 -62 109 36 -451 77 1 1
235 24 -394 460 349 174 -162 -433 -13 -274 12 4
-14 402 -22 -274 -244 167 12 6
-21 112 -99 45 -29 -450 -32 -241 468 248 1 1
554 275 -442 -495 390 -421 -148 282 1 1
1191 36 -453 -246 -367 137 65 -107 -225 3 3
-595 47 -185 -378 470 328 307 1 1
308 100 51 -122 -425 -438 246 277 2 1
-1270 322 133 484 -50 449 -22 -38 1 1
655 457 -309 -488 234 146 -331 -425 3 1
566 -160 -230 -242 -39 -296 497 -157 12 12
41 -182 -494 92 6 105 379 4 4
-686 -106 -336 36 425 262 284 273 -168 1 1
1010 -445 330 -62 -480 -250 4 4
-795 154 465 450 255 -439 135 -56 48 -216 3 3
91 186 340 402 -416 140 -35 -219 -428 3 3
-635 28 -50 181 491 465 -191 -304 12 4
-1090 -121 -3 322 70 180 396 -127 205 258 2 2
-957 163 387 440 -66 4 1
-857 314 394 375 -430 268 -36 454 -29 -451 1 1
-381 -105 25 -112 219 425 6 2
915 -355 258 -495 -336 1 1
-772 -110 -86 364 -60 470 206 379 -346 2 2
1942 -362 202 -344 -397 458 -488 -296 -332 12 2
1142 -230 -479 -275 347 71 -344 -299 166 -193 3 1
15 -273 -4 184 375 -300 3 3
810 -116 -85 -282 -9 2 -245 -62 1 1
732 -21 -343 -380 291 -103 -2 -179 3 1
-481 109 220 347 -375 474 -291 1 1
99 343 -235 -497 293 1 1
-1927 311 213 258 458 255 12 2
-331 9 -269 297 -159 -469 381 246 -105 478 6 2
554 -63 -469 -396 334 -38 194 314 -200 -193 4 4
-922 -260 -76 496 449 217 3 3
940 -94 228 -488 -234 233 -250 -266 2 1
198 -176 348 -100 -287 119 -103 2 1
1436 -117 -128 -488 -168 -418 3 1
506 -451 -463 248 -144 -233 381 239 12 3
-518 -31 207 493 264 -115 -309 3 3
-335 352 -319 -152 439 2 2
315 112 -303 416 118 -341 -143 117 -400 12 1
-995 -114 460 39 186 427 2 1
-211 -78 281 435 -133 -128 258 -418 6 6
-199 43 193 -452 458 467 -375 -135 3 3
130 -464 -34 94 154 137 3 3
102 -276 -421 150 201 20 351 428 -422 -125 2 1
-1525 237 481 -223 202 81 481 -176 454 1 1
262 2 417 -279 -381 18 4 2
523 -422 -274 187 -105 88 3 1
384 134 -251 153 -30 -39 -90 257 -401 12 6
-1083 267 279 -36 189 429 -84 6 1
-248 -174 382 11 91 12 4
472 183 426 -228 -478 117 -468 12 2
-306 101 -313 333 -68 232 2 1
103 52 -77 167 -218 12 6
736 90 -436 -200 -156 -357 211 -388 409 12 12
633 42 -37 -479 -443 220 13 50 1 1
566 -8 -475 -431 260 -458 133 411 6 6
637 304 -492 -17 -483 237 -207 1 1
576 163 -479 -199 -178 319 46 -103 -241 93 1 1
660 -451 274 -464 -11 -21 7 4 1
1238 -189 -311 -328 -494 465 -376 2 1
-195 -115 283 -127 -81 209 12 6
288 66 -267 281 -356 55 -97 4 4
93 122 97 134 -134 102 -119 -321 2 1
159 -316 374 225 -101 -173 -145 -328 248 6 2
1446 -109 -135 -395 -380 -243 -183 -63 2 2
-564 -60 82 436 -332 423 2 2
1326 -184 -446 115 74 -319 -327 12 4
303 218 283 164 -410 -123 174 -268 -359 12 6
-273 212 -61 -291 385 12 2
-1307 86 91 -117 400 182 342 371 4 1
-761 454 237 -85 421 119 55 -430 6 1
125 -310 353 -436 -145 41 -291 494 -214 375 3 1
363 -481 218 -324 -132 340 12 12
-1435 61 181 345 466 438 4 4
265 -118 -338 -148 156 -94 279 1 1
-1250 7 353 -458 -228 167 457 477 121 266 2 1
909 119 213 -453 90 109 -318 -13 -247 -427 4 4
381 -396 253 225 -69 -379 3 1
-1108 451 33 239 10 374 4 2
650 -451 -109 -174 149 -119 6 2
-2655 336 434 482 -194 348 114 -2 380 305 6 1
87 -212 64 -255 317 1 1
263 36 -353 -72 432 -311 2 2
886 -365 271 -498 392 -409 -490 293 -35 4 1
778 -407 463 -257 50 -371 -493 12 4
1373 71 -396 -161 -304 -262 -233 3 3
2164 -427 160 -89 -494 106 -283 -314 -468 4 4
-227 14 145 328 -80 49 -227 4 1
-89 160 7 -235 29 132 6 1
-607 86 -431 40 398 -89 -102 263 311 4 4
720 -380 -83 135 43 -7 -48 109 -114 -482 3 1
-390 -375 5 446 259 105 6 6
346 -40 -280 218 -125 -127 1 1
-1626 344 327 262 305 379 1 1
620 18 -251 169 -445 -64 12 3
-613 -74 333 -64 426 1 1
-1081 -416 286 499 129 -71 428 -138 12 2
361 16 -100 55 -467 -50 220 12 3
-413 426 -138 343 19 372 -21 -143 -441 1 1
1181 -479 68 330 -305 -275 41 -386 178 -376 2 1
-755 -466 389 318 204 486 279 449 -488 -397 2 1
563 36 281 -131 -220 -454 132 233 -454 1 1
-117 -172 77 -92 56 151 89 12 1
-327 -370 278 478 84 303 -252 -492 433 -114 4 2
444 -167 142 135 -412 -227 -379 301 173 2 1
-20 358 -450 311 -207 3 1
781 -483 -266 -4 204 -242 2 2
-886 342 294 -229 338 -55 -96 -98 378 -35 6 3
-840 493 156 210 69 12 2
-766 266 -403 340 66 -256 452 112 221 12 1
-998 125 -217 398 59 481 -37 291 -161 2 2
1476 -467 235 -183 -215 -416 -299 3 1
819 -164 1 -440 -428 -406 374 225 -46 74 1 1
724 -68 -189 -394 147 298 104 -486 -83 12 3
-795 498 76 -83 300 3 3
623 -345 264 -455 247 -452 -310 418 1 1
136 463 -277 -441 7 12 3
1198 -407 -200 -115 -44 -393 4 1
-1484 74 39 287 9 477 148 136 364 1 1
653 -73 75 -42 -469 -366 6 -2 -110 12 1
-620 -107 352 -496 135 195 396 139 6 6
842 173 -162 -287 -155 -419 -375 366 6 1
-292 291 -303 -196 -265 355 415 2 1
21 -94 -264 177 236 -425 314 35 2 1
593 485 -64 -487 -166 -228 -71 194 210 -455 1 1
1483 -466 -82 291 -183 -418 -281 -354 237 6 6
179 -216 -12 -454 123 409 6 6
-117 -129 36 -2 -121 349 2 1
-840 -68 -265 300 254 444 254 305 -382 6 1
257 14 371 -466 2 -253 6 3
438 429 25 -474 -289 -37 6 2
750 -388 -19 44 -24 -374 1 1
-438 53 -8 497 -106 200 -143 12 2
1359 -106 -299 -263 -498 -52 -416 417 -61 3 3
431 165 239 -474 -35 -367 6 6
229 384 -27 -142 -430 -146 94 -146 151 45 2 1
-334 -44 -233 -230 493 146 -20 129 12 2
-600 -297 157 -93 347 265 12 12
-92 -137 414 -440 493 -118 -118 4 1
616 -101 -109 -392 -34 106 -23 392 -98 -369 2 2
-507 254 -52 77 441 -231 3 3
-2094 4 304 464 69 -389 231 331 424 -50 12 4
445 398 -390 197 -294 282 50 -310 -390 54 4 1
195 430 -291 -79 -65 -315 236 -240 12 3
-278 293 195 41 -35 31 -237 3 3
-832 370 393 420 -134 -159 12 12
-893 113 259 129 412 1 1
322 328 -132 -37 -450 2 1
-196 -29 -266 -69 106 -74 -245 10 353 382 6 3
-215 4 470 -12 216 -421 -68 6 2
-515 -311 -59 406 440 63 111 12 4
13 171 30 413 -197 -194 20 -120 -82 6 2
517 -441 464 -8 0 80 -180 -184 -274 1 1
-223 389 -309 301 66 -256 -165 198 6 2
-92 268 -116 146 -205 3 3
1436 50 -113 -429 296 -487 -18 -440 -451 -112 4 4
329 -262 340 161 -316 -10 129 -455 66 1 1
-551 20 499 -442 149 250 476 -404 2 2
-920 -461 302 -47 433 308 446 288 363 12 3
634 -293 112 359 -281 -447 4 4
-492 182 -245 310 162 114 4 2
684 305 -449 -456 -86 4 2
-195 310 129 -100 -54 -225 382 -243 2 1
121 331 26 -333 190 -289 4 2
1617 -78 -265 152 -429 -352 -486 3 3
627 377 -435 -291 -42 -302 160 -110 4 2
250 -476 444 177 -195 -202 1 1
-95 -46 404 -231 -180 148 6 6
1381 -393 -265 57 -139 7 -394 -154 103 6 2
-180 -239 -188 422 -225 252 163 3 1
-584 -268 -11 304 -379 130 53 383 12 1
-443 80 80 487 261 -214 -253 12 1
-179 191 -352 -188 -374 158 355 68 315 2 2
-776 228 -240 441 124 -90 -188 -40 232 343 1 1
989 -493 308 -413 458 -489 -273 42 147 -308 4 2
491 -109 -335 -33 -73 30 4 2
-107 -87 378 -248 483 152 -284 -284 1 1
215 -42 -306 295 -161 1 1
964 -161 -60 -326 -51 296 -412 -86 80 12 1
-690 219 179 -5 247 276 -282 107 6 2
-88 215 191 383 -309 405 -432 -425 3 3
92 -116 -229 -15 259 3 3
-313 -436 487 -76 -471 -403 -170 171 395 382 12 4
271 344 -479 -291 155 1 1
-504 218 -61 441 46 186 -306 6 6
197 178 -151 136 -134 -399 -283 473 4 1
-209 224 -251 462 -321 184 250 -330 12 2
-478 162 484 -404 239 3 3
-1088 469 283 -12 -261 91 485 4 2
165 403 66 -255 -91 -459 -450 239 176 198 4 2
-66 289 426 337 -56 -117 -302 9 -446 6 2
-620 48 304 217 -82 187 -41 4 1
1665 -179 -332 271 -473 -296 -260 -62 -360 -82 2 2
-1136 389 426 -110 97 -197 419 -259 367 1 1
619 -160 157 -372 -177 156 -41 54 -269 2 2
-901 405 243 366 283 120 -455 12 1
72 -260 94 -306 285 346 -222 4 1
-1002 243 394 375 50 249 -419 -226 233 107 2 2
-110 76 105 -159 -308 424 -200 442 -263 2 1
478 -180 -362 -416 481 1 1
277 -216 -204 328 141 -309 4 4
930 -90 -24 96 389 34 -384 -486 -52 12 12
70 254 -83 -299 -135 -163 455 -437 332 3 1
416 474 -493 251 -309 -178 87 -266 -4 2 2
611 -86 -488 326 -194 -218 58 6 6
-793 442 134 338 -102 3 1
244 -316 83 -22 -110 13 109 159 -180 0 12 1
69 -40 110 -61 -477 47 303 56 3 3
141 -339 52 303 -437 -171 235 222 2 2
-875 367 101 284 187 6 3
-540 105 363 -295 -25 366 -265 438 -158 1 1
-864 232 134 289 142 327 -461 276 6 2
-190 -194 471 362 -449 3 1
-595 428 334 -408 253 3 1
-729 91 68 -157 -84 466 292 12 1
936 -283 -202 478 -204 -466 -176 3 3
-509 191 -77 224 142 4 1
-198 -219 467 29 118 -114 -380 110 -72 257 1 1
-1379 2 478 347 497 4 2
-1142 82 174 204 160 484 2 1
405 -360 402 -475 14 -6 12 2
-69 -363 -22 390 -363 487 6 6
1006 -228 323 -404 -459 -307 173 4 2
-237 220 -434 438 -274 220 370 -297 2 1
-1606 -212 -459 397 -301 426 400 497 354 211 3 1
1481 -414 263 108 -478 -129 -459 -311 -493 343 12 3
76 -185 235 -280 -109 -324 347 -58 311 3 3
-758 332 213 -281 467 6 2
-842 102 341 -42 53 182 -197 435 12 4
-1706 -54 209 -334 332 301 126 420 12 12
-5 -215 -64 257 -385 51 440 71 -27 -142 3 3
-1488 12 417 276 259 306 300 40 3 1
-176 -3 -193 175 191 1 1
-729 413 -314 67 16 399 12 12
292 403 356 -320 -93 -441 -406 36 215 2 2
-84 145 343 -45 -196 -274 201 186 -475 156 12 12
93 -182 39 485 -269 -168 1 1
-577 -318 257 389 -84 340 4 1
503 -194 -156 -87 -99 12 2
-712 233 363 482 -361 12 12
737 438 -475 344 -479 4 -341 -177 3 3
72 -459 -181 -124 303 457 6 3
72 -216 -49 377 -264 2 80 2 1
835 -236 -325 -21 -289 40 1 1
906 -350 -126 -438 150 1 -336 -96 243 3 3
1043 -301 91 -51 -419 -139 -240 -112 4 4
-338 -150 293 -423 -260 -204 489 -44 145 456 4 4
-940 383 -104 471 147 -153 -202 391 4 1
1596 379 477 -361 -323 -356 -248 -323 -295 -245 3 3
-223 127 -439 254 30 234 3 3
-40 280 -248 415 -411 59 -222 155 3 1
800 47 -379 448 252 -201 -229 -336 12 1
-782 302 285 478 296 14 -310 -286 2 2
1771 -482 -442 -498 -27 -332 271 -500 -168 345 2 1
-1289 -192 328 -21 411 416 455 386 -347 3 3
491 126 -344 -133 69 -307 6 2
917 -194 -234 -477 35 -358 427 -172 -437 440 4 1
-195 389 258 -421 -279 -204 64 383 2 1
2117 -295 -381 -494 -438 -243 -239 1 1
1492 -316 432 -487 -336 -380 -321 6 1
115 -444 411 49 -475 341 3 3
-321 -155 498 416 -435 2 1
692 -406 -73 -289 49 3 1
269 -326 153 -444 144 -139 -98 -26 18 465 1 1
-1475 366 259 258 361 319 -110 2 2
-139 488 185 -386 -51 311 -447 4 4
1710 142 -491 -474 -341 -498 1 1
291 -19 -370 28 -82 461 -307 12 6
-63 139 22 95 -186 358 -253 93 -207 2 1
1354 -438 446 207 -271 -417 333 -255 -402 -311 6 3
313 -481 248 -420 -321 271 456 -48 4 4
1485 -307 -353 -342 53 426 -345 -324 12 1
720 -109 -234 -240 -314 -90 263 6 1
1634 -431 -405 -74 -326 118 -327 6 6
-1287 -68 364 432 306 266 -169 437 -314 1 1
87 301 -438 -196 193 470 -276 436 -409 -169 1 1
-861 420 339 251 -116 -61 6 2
-765 -318 296 371 418 2 2
-696 128 -140 435 197 6 6
1562 7 -492 -270 -472 -255 4 4
-65 488 -11 241 17 -432 -246 4 1
-241 -478 261 265 -212 7 29 495 6 6
-215 161 -483 -142 65 195 -23 265 226 3 1
384 -425 -308 119 -288 66 464 3 3
1522 -2 -178 -416 -44 -253 -466 -312 179 4 4
399 -458 -311 213 181 284 -480 -62 318 -87 4 4
554 -85 -288 -395 -59 148 108 12 1
623 251 -262 382 -335 331 -490 -470 -129 4 2
385 -291 -39 451 398 -78 -330 -324 47 12 2
-744 -244 115 481 -321 466 188 2 1
-692 -99 385 236 -112 330 237 151 -244 -168 4 1
329 234 -279 383 -312 376 -293 16 -353 12 12
66 462 -3 -312 394 -285 -239 -306 230 4 4
-439 -333 -362 381 150 490 -170 245 12 6
750 90 -222 299 -333 -119 -496 3 3
-205 325 433 -211 -219 -90 6 2
393 -442 328 -33 -156 -264 178 12 1
-214 327 203 104 -437 95 -108 12 4
385 -186 -246 335 330 -470 -135 -7 12 1
-62 155 -338 -391 449 293 12 1
136 346 -305 -450 271 2 2
-753 495 403 -138 133 -145 1 1
-168 249 -381 479 -31 -148 1 1
1774 -435 -462 -221 23 -360 -319 1 1
-1124 471 -129 436 403 -237 101 4 4
49 -2 -450 227 284 -327 237 -198 -181 359 2 2
121 -208 487 -305 -119 6 2
-147 117 352 -96 -53 -353 189 12 6
-1189 220 427 0 131 48 211 185 1 1
1472 -463 347 -29 -275 -473 -397 -416 182 4 2
75 -209 354 -317 3 130 -413 366 6 1
684 -6 88 -416 -165 395 -453 -237 199 -179 4 4
325 92 30 -280 -245 55 3 1
1620 -295 169 324 -398 -494 -405 -237 -130 12 1
-802 -96 382 243 -225 424 258 6 2
580 388 -140 -351 -102 -352 1 1
-291 84 -52 419 -159 1 1
-835 -148 -325 321 364 411 223 53 -107 4 2
-578 475 -137 -287 102 405 12 1
-9 -465 -63 -33 486 12 2
-895 -49 -140 353 395 140 392 -214 25 1 1
235 251 -197 -234 -253 -363 -68 402 -103 365 12 4
278 -170 -106 117 287 -103 -321 12 6
282 -382 268 -167 -25 135 -111 1 1
-771 435 77 320 146 -306 -258 -330 318 326 4 2
617 -20 162 -424 -197 -327 -134 93 483 -240 1 1
-754 -482 394 -12 -330 199 132 367 442 2 1
1216 269 -462 -280 -61 -350 -219 3 3
847 -484 -445 -394 232 229 6 3
-1056 285 -12 -331 459 69 490 -443 328 6 3
870 139 -342 -178 -87 -277 -460 425 -63 4 4
-416 38 -329 400 276 250 183 -392 6 3
21 406 -42 -151 -238 1 1
1909 -150 -423 -475 -483 -444 2 2
-59 84 496 -397 -258 313 226 -445 6 2
-1514 495 322 83 395 220 4 1
-2050 269 -218 493 478 384 380 169 6 1
399 304 -495 244 -496 12 3
-312 -362 -55 289 324 -53 12 2
429 -138 143 -468 71 6 2
661 -45 -431 -93 420 -114 -456 4 2
-950 81 139 339 64 342 48 4 4
245 414 -34 -1 -462 12 3
-36 -29 140 -330 -48 -133 418 4 1
-592 218 323 -172 -215 443 3 1
-618 -125 452 168 -179 -464 259 451 4 4
298 -355 -75 145 -399 -93 305 187 6 1
-1327 313 363 -413 221 380 366 4 4
825 -256 -275 84 21 10 -133 103 -345 3 1
-298 427 -53 254 79 -378 6 2
-804 331 349 -210 391 4 4
1297 254 -446 -443 -195 -16 -453 -387 430 4 2
1638 -226 -215 -391 -325 -104 -149 -195 1 1
-221 395 -246 -106 40 387 -247 6 6
429 -215 180 -368 -351 345 12 12
701 -485 -264 -406 302 -270 270 154 3 3
1610 10 -165 -403 -487 -439 292 -494 2 1
440 -100 58 -465 235 -314 165 4 4
255 130 -200 433 200 -81 -180 -254 -287 4 2
153 486 -361 174 -118 -284 4 1
-381 245 -141 401 -122 1 1
1193 86 -424 -252 -476 -488 231 4 2
-65 245 324 -20 -480 2 2
1316 -219 -227 435 -192 -403 -396 -177 -43 4 2
-207 248 -289 6 -15 40 -345 400 -246 439 2 1
13 -176 25 -335 456 4 4
-699 495 264 -490 383 6 6
-824 60 181 281 5 339 305 386 -309 -426 4 4
679 359 -195 -443 -454 -337 446 3 3
-569 -361 -133 121 244 -453 435 227 470 4 1
-115 164 454 -335 -167 1 1
-963 280 -46 131 321 -71 249 56 4 2
940 -381 188 -76 -498 72 -363 4 1
-443 -126 290 -104 -54 -149 421 212 4 4
-972 370 256 -190 166 77 375 6 2
399 -393 -106 205 -266 161 1 1
-575 396 365 -127 -26 221 -354 -89 238 -31 6 3
-711 342 -277 -389 174 226 157 455 1 1
397 326 -425 348 -301 -370 -221 -199 384 4 4
41 84 399 -362 283 -455 3 3
-715 239 -290 50 -386 494 305 -7 80 461 6 2
1024 -473 246 -481 156 -267 12 12
159 447 -426 -380 199 1 1
786 448 -273 -451 -465 -105 40 2 2
935 -386 424 346 -410 -495 -220 -129 -17 6 3
-100 -335 400 -275 316 113 -113 3 3
197 274 -54 99 -485 6 2
198 -365 391 82 -257 343 -396 15 3 3
-390 -248 -486 -216 -111 380 310 487 410 3 3
311 -10 -411 -62 68 71 12 2
-472 -178 340 -237 435 12 3
577 -447 38 18 -296 -444 -232 419 342 4 4
630 -243 -388 -191 -386 -28 202 432 12 3
639 -440 -302 41 -1 65 1 1
-1025 438 474 393 28 -19 -278 -158 150 2 2
350 -431 -39 -148 -27 461 242 -425 17 2 1
201 -452 339 -13 450 -391 86 -241 3 3
-1121 4 322 351 328 388 -415 145 206 12 6
-303 -14 64 -224 364 104 4 1
984 472 -174 -471 -335 -81 -189 -186 -420 471 4 1
-2135 499 121 -95 419 450 154 218 285 2 2
92 305 -470 32 -181 -208 81 -257 318 367 12 6
35 -490 29 350 100 131 -150 2 2
336 -269 339 -222 49 147 -456 434 -333 3 1
883 -403 383 -417 -478 4 2
170 -140 -230 244 171 -211 2 2
1238 391 -491 -120 -189 295 -377 -357 12 6
565 -123 301 -495 -225 403 396 -404 -410 1 1
-1350 -477 338 345 154 86 267 282 477 -122 1 1
269 328 -444 -300 99 6 3
278 237 49 -141 -233 374 215 -249 -49 -464 2 2
1038 489 1 -449 268 -242 -267 -393 -73 -128 4 1
-574 -58 277 361 -123 -316 116 317 -70 10 6 1
-592 -73 -97 247 80 435 2 2
-938 55 89 455 360 -57 269 49 -285 4 1
-793 -166 272 444 258 3 3
937 -472 176 -360 32 129 -455 1 1
289 468 266 99 112 -305 -101 -373 -245 -279 3 3
-558 208 349 -300 348 -39 1 1
735 -470 179 352 -308 -461 2 2
232 -338 179 378 -247 137 56 -421 4 2
-454 28 187 114 182 6 3
-2635 13 183 370 -244 251 468 192 288 203 12 2
-258 -384 341 210 -401 -12 497 2 2
-538 471 308 152 -281 -111 4 2
73 -208 -274 4 472 -39 -318 -198 478 6 2
-12 -370 -295 23 221 -30 448 1 1
1924 -441 -426 -183 -246 -461 6 1
145 116 234 212 -316 -401 306 35 -360 2 2
639 284 103 -346 -220 -241 12 1
291 -254 -281 -236 477 3 3
-1151 138 456 274 216 12 4
194 263 -133 46 -387 -24 -346 392 4 4
-199 390 -89 -399 -153 240 -74 293 1 1
-700 -3 475 -99 44 207 89 4 4
680 -137 282 -297 -463 -148 12 2
121 255 -318 253 191 -266 84 -238 -42 4 2
262 52 15 108 -445 -199 323 -108 2 1
1643 -268 -411 -301 -470 -448 324 12 3
710 235 -483 41 -479 2 1
-653 103 303 -179 422 2 1
-903 447 459 -35 5 337 -314 2 2
55 -115 -394 449 263 25 250 -39 -492 4 2
-407 -207 -121 63 248 133 307 -75 3 3
212 -101 -141 -88 110 6 2
-452 -277 -196 496 430 2 1
-605 221 361 64 -72 6 3
-1601 408 173 488 -32 155 314 4 1
1581 120 -233 -494 -397 -390 109 -322 43 74 2 1
1205 -40 -486 138 -349 -444 1 1
-551 -484 -37 283 -163 271 -82 373 300 4 2
49 481 -433 -373 259 317 -298 12 6
408 73 -392 279 -59 -326 65 12 12
-1043 -209 316 243 478 58 12 3
725 -374 -46 -68 -214 2 1
-298 -105 322 480 -175 -226 4 1
-460 220 399 -296 139 1 1
1340 -489 289 -108 -466 -381 -438 352 3 3
-68 221 -312 -214 366 6 6
24 119 11 -485 445 -98 -116 100 4 1
-454 -391 410 98 345 3 3
910 83 -243 342 -154 -180 -255 -151 -325 6 1
-780 -24 -3 112 -131 240 441 383 -162 -93 2 1
-789 403 -261 1 -61 482 154 -33 12 3
624 166 -327 4 -398 29 -386 -233 396 6 1
-1006 -407 487 358 -264 452 299 3 1
-709 -147 417 35 422 2 1
-376 433 33 18 -118 49 -39 1 1
-809 379 -170 110 287 381 -184 1 1
463 239 -279 31 -223 321 -410 -234 -346 489 4 2
-18 420 -427 233 218 74 -447 6 3
1069 118 -443 48 70 -454 112 87 -381 6 1
-683 -129 163 15 162 320 244 6 3
2748 -190 -340 -373 -104 -437 -142 -80 -305 -201 6 3
-159 117 -233 128 154 350 -493 161 12 3
93 -179 366 217 -484 4 2
384 -154 -216 -96 425 -340 1 1
459 -256 234 2 234 -458 -99 -153 2 2
183 -202 214 -249 -59 155 -45 2 2
1018 -397 -310 -328 387 -388 22 3 3
-417 33 137 -20 117 153 4 2
620 162 226 -403 -472 1 -103 -13 -32 3 3
-214 69 -146 333 233 -319 -363 156 232 32 3 3
-884 452 115 196 241 -58 -53 2 2
837 -160 -30 -306 169 -235 -240 -74 2 1
743 -38 -481 -184 -453 316 -181 58 18 12 3
-87 93 -365 -143 16 466 2 2
-304 185 -195 -136 -27 -20 475 6 1
868 43 -468 -473 270 -281 2 1
-145 485 15 69 -413 2 2
937 -282 -77 -204 -379 4 4
686 -394 232 -329 -300 238 215 -327 2 2
-377 -242 -63 401 33 263 1 1
-313 -325 210 419 -449 241 312 -277 182 1 1
-1826 173 -101 -70 287 412 472 43 426 3 1
-304 -234 43 -48 296 215 2 2
839 -31 -70 -167 -219 138 -16 -54 -260 -134 1 1
497 -178 -315 -57 7 -260 264 12 3
586 -485 309 -268 189 -357 6 2
-362 -13 398 -198 114 431 361 -474 -232 6 1
0 -250 -237 285 294 -412 83 -119 295 12 6
-10 35 315 -364 359 67 -417 3 3
-412 -169 258 359 87 125 -334 66 -368 368 2 1
-99 -65 -366 3 268 -56 428 -115 1 1
257 -85 322 -356 -65 -266 288 354 -417 -38 2 2
262 -448 165 49 -29 1 1
1058 -338 18 16 317 -205 -484 468 -77 -492 12 12
211 393 -150 -338 -46 -236 12 2
231 -373 -185 235 391 101 -335 -105 12 12
-371 149 64 -351 448 227 -163 1 1
-545 -207 -85 408 382 295 -310 6 1
-215 144 279 259 -470 1 1
54 48 -180 377 -305 2 2
885 -354 183 -274 211 -113 -197 -275 3 1
-229 258 -329 -90 416 6 1
-240 -102 -33 -43 414 -333 242 70 2 1
1342 -197 -298 -414 86 -166 161 -387 -281 4 2
245 487 41 -483 321 -448 276 -184 178 -419 4 2
445 -315 -5 -432 -229 496 467 -480 54 12 4
586 -118 -447 293 -353 6 6
713 384 -137 -413 -451 -37 -469 395 3 1
1178 -486 338 -497 -271 -442 -221 309 6 2
817 18 -333 -360 -49 -85 2 2
1247 123 -428 -346 -370 -94 4 4
109 -201 422 90 -387 -113 -19 454 -334 3 1
256 213 458 111 -276 -229 -56 -453 1 1
-1060 395 160 126 457 4 1
785 45 80 403 -303 -315 -160 -64 372 -465 12 3
386 -98 -397 297 -479 167 -18 90 -278 332 3 3
-592 94 195 224 -173 248 1 1
-705 354 223 -405 441 -23 12 2
-789 -298 113 245 253 7 308 415 -296 389 12 4
-520 -441 194 359 345 309 -434 211 2 1
-279 263 420 -211 -184 6 3
-199 -45 219 414 105 -430 -54 3 3
-1019 393 -244 351 79 97 39 363 3 1
-96 -375 230 478 111 -293 -56 1 1
307 256 234 243 -387 -378 -161 81 117 -358 3 1
-511 -338 -35 472 475 3 3
-15 157 268 341 -420 -325 1 1
-264 145 -350 311 200 6 3
584 -31 407 75 174 79 180 -455 -349 -470 6 3
-400 171 433 -143 -59 6 3
958 180 -439 87 -305 -432 4 2
-885 269 23 279 318 2 1
-117 -338 265 126 -295 279 101 2 2
729 -415 -326 -201 215 65 -256 -79 269 6 3
-686 -244 364 319 64 198 12 1
-1820 32 246 365 338 49 444 498 6 3
-611 193 301 101 51 6 6
576 -32 -319 -402 218 6 1
327 -365 -389 24 303 93 2 2
202 200 -51 67 -336 -84 3 3
-577 -328 100 337 296 359 12 6
79 437 -488 -349 31 447 -246 117 -30 6 6
820 -66 -490 -172 -94 2 1
873 -394 -45 -244 84 -258 1 1
-373 449 58 -6 -125 12 6
-1111 400 466 355 -281 159 2 2
-165 26 -427 -41 130 -110 226 97 253 1 1
-1021 498 -247 363 157 429 -119 4 4
-85 10 153 45 355 -442 12 4
211 131 -9 -436 333 -111 228 -341 3 3
-1587 441 369 440 73 389 6 3
411 -372 423 -12 -89 -398 -239 -178 471 12 1
1114 -226 -430 -425 364 289 -144 -451 3 1
1227 231 4 -359 248 -414 -487 -356 -144 2 2
-225 28 -336 226 347 40 -48 4 1
196 -274 -190 305 -32 6 6
1143 33 16 -173 -108 -138 -320 -79 12 1
-14 -271 220 261 -288 133 -6 -23 6 6
-102 -348 343 -361 446 -139 202 -57 4 4
1414 -477 -276 -451 -122 6 3
-228 272 -62 -235 -144 372 -305 356 6 6
103 -187 184 132 93 -298 -25 2 1
-320 -124 442 475 -106 -401 148 -116 6 2
-417 -451 -109 372 -309 148 230 249 12 6
-471 243 -210 -76 256 231 64 -235 189 2 2
-77 -409 -382 380 486 6 6
838 -290 -259 479 -68 -224 28 -341 -185 6 2
770 -301 -470 -319 362 343 -352 4 2
639 309 -86 -365 -367 60 -451 237 -4 3 1
-995 191 240 402 -210 191 278 -67 4 4
308 -131 2 111 216 -484 -32 1 1
-791 334 316 -53 344 -408 -68 331 1 1
1209 -250 212 -334 -245 -457 12 1
-904 -151 355 58 342 340 -132 187 394 12 6
-118 370 435 12 -321 195 272 -392 -478 -86 4 4
-720 458 -223 232 408 321 5 -208 -138 12 2
-1045 472 -281 487 -119 456 24 274 -254 3 3
-638 -495 419 -160 494 -275 -202 328 469 -20 12 2
152 315 198 -64 -448 -166 1 1
1078 -107 -127 -421 125 -235 -293 -50 -175 12 4
-242 303 -331 -289 150 -314 301 0 422 1 1
407 -288 -75 -427 280 133 -32 2 1
-91 26 -253 -39 378 16 379 -366 203 -253 2 1
1135 -169 -450 289 -398 -383 396 -157 -59 -484 6 3
70 -326 -22 398 187 -408 99 2 2
-83 -186 495 -381 -393 278 -188 459 2 2
1498 -307 -351 -447 -225 495 -192 -11 -297 4 4
-511 338 -384 -24 362 5 210 451 -111 -327 3 3
-852 207 23 129 -260 272 -371 141 498 156 3 3
-498 -74 14 45 65 -406 238 187 300 280 4 2
-25 -238 275 -237 -458 -129 43 336 408 4 1
-636 152 293 146 196 -419 236 3 3
1763 -378 51 456 -338 -234 -251 -173 -199 12 3
-612 291 -159 102 471 12 2
184 7 83 351 19 -462 400 54 -479 12 6
5 436 266 -334 -329 -53 3 1
259 -3 -183 -293 181 150 -494 382 2 2
1046 -496 -41 199 -370 51 -489 124 1 1
-346 278 373 -357 -61 66 -157 229 6 2
750 84 -468 -318 66 -350 242 3 1 1
-366 -472 48 391 416 1 1
435 -381 -435 227 175 -26 12 2
530 -200 -375 -137 84 96 2 2
-482 458 344 -393 77 6 3
-1 1 194 -365 132 176 -136 4 2
-174 -120 -449 494 124 -153 296 3 1
-1379 -106 79 370 -191 101 384 454 393 2 2
530 350 -115 142 -64 -359 64 225 -270 -456 2 1
-1379 292 468 354 465 -235 -217 78 187 20 3 1
429 -363 219 -270 -458 300 325 -37 53 -214 4 4
-293 196 90 332 290 -268 159 195 -402 -294 3 3
751 -424 -315 100 62 -231 -267 197 123 1 1
-349 -161 -496 395 412 -84 307 -19 1 1
31 167 -490 -158 445 2 1
-1273 275 405 440 151 4 4
-9 174 -468 321 -24 30 55 -183 106 4 2
691 -382 -23 436 -367 -428 465 458 -324 -495 2 1
-702 21 -5 386 296 2 2
-393 -387 384 279 154 -341 435 -254 134 2 1
-108 -8 497 124 -61 -160 -223 -443 293 1 12 6
-348 127 407 -84 -96 6 1
-1360 499 81 498 79 432 -258 4 1
-120 199 412 -165 -416 93 1 1
51 -134 29 28 -270 418 -285 -123 266 4 4
-299 -192 393 -102 200 1 1
400 193 45 -261 -387 297 294 -382 -213 50 2 2
-2346 183 379 492 -376 133 459 318 12 3
-50 413 -185 -194 108 264 -283 -49 12 4
1178 -345 94 -470 -7 -447 2 2
-834 85 50 277 398 3 3
738 -156 -97 -154 52 -389 325 -331 1 1
515 -371 -17 -315 189 6 3
-566 52 88 -8 -157 237 351 1 1
-394 -254 360 -372 499 19 185 4 1
233 -222 -125 -226 340 1 1
834 -265 -347 -97 348 -433 -38 1 1
-1714 329 305 489 107 301 6 6
-542 -268 344 -310 297 43 442 4 4
726 -365 -492 -290 389 6 6
594 -495 -380 -141 392 189 -308 -221 366 2 2
-198 118 450 -76 -414 -247 253 302 -10 -176 3 1
-248 -461 64 444 -57 263 3 3
111 -387 255 397 -322 -47 4 1
88 -240 -172 244 -351 211 -423 354 90 215 1 1
-11 -257 -122 404 32 12 6
643 375 -228 -48 49 -426 -197 -362 -351 499 4 1
655 378 -40 -98 -11 -477 -498 -72 4 1
-106 63 7 -455 473 210 -129 -10 12 4
833 -338 -275 -400 -128 87 209 6 6
572 -289 182 -443 -223 -103 324 4 1
209 -126 337 55 -490 6 6
1530 -466 -322 -203 -274 -320 3 1
-140 -368 5 -140 288 175 241 6 6
-1504 81 -22 188 452 412 307 213 -206 6 1
198 236 -425 70 104 -348 78 12 1
-387 106 454 -259 74 3 1
-111 -96 -71 258 -88 85 6 2
-505 43 369 41 -9 441 205 -271 -435 121 2 1
-1898 354 -492 223 218 439 -117 109 480 -92 12 2
409 -398 -262 -464 414 283 4 4
