-8.2945
-6.7629
-7.9726
5.2487
-6.4240
7.2051
3.0337
-2.6327
0.0000
3.6054
-9.1836
2.0764
0.0000
0.8840
3.4181
7.0486
12.4306
-4.9475
-2.5948
-4.4375
1.1364
7.8874
-3.5056
2.4906
4.7473
-9.5219
-9.0126
3.6178
6.1488
2.2636
3.3186
5.1852
2.9657
-4.5117
3.5795
8.5331
2.7140
-4.3338
-8.6261
2.4339
3.7182
0.0000
1.3671
-0.9043
5.2327
-6.1967
0.0000
1.8181
8.6426
6.0153
0.4769
-3.7170
6.9609
7.2012
-2.8533
-4.1272
8.4366
0.0000
-6.8317
-8.6744
5.0659
1.2901
-4.6397
-5.9453
7.3337
5.7226
2.2207
-7.8273
7.8929
-0.1481
-9.2497
-6.3444
5.3595
-9.8691
9.2455
4.9820
-9.8669
5.7682
-2.1620
7.1523
4.2358
-2.4909
1.4066
0.0000
4.8484
-9.1823
7.2487
1.8063
-3.8148
-6.9699
3.1220
-7.5927
5.8148
-0.4867
8.0340
7.1188
1.8985
3.8744
-3.3878
0.0000
-3.8809
-3.3748
-6.0501
4.5300
-8.8517
5.9895
1.3373
2.9904
-4.4026
-5.0805
-4.2340
1.3185
1.8567
-6.2437
-8.1376
-8.7879
-5.8544
-4.2149
-2.6241
8.7557
-5.1370
-5.0748
1.2948
-5.3949
9.1084
0.9781
9.7091
-0.3962
-1.6061
-6.5958
-6.6887
7.8138
-3.1999
1.2895
2.1699
0.0000
-8.1510
6.8075
-9.3159
-9.3735
-5.8492
9.4024
-0.6916
-0.1497
-2.9337
9.0651
-4.7375
-7.7025
-3.1979
8.1282
5.1994
8.8579
-0.5955
-1.6869
5.4371
-4.0129
-4.8717
0.0000
-4.5263
-6.5602
-6.8952
7.9792
-5.8153
0.7156
-7.1820
1.5357
-6.0306
0.3251
6.5234
0.2067
0.0000
2.8281
8.0595
2.6792
-4.5727
7.5162
-4.2863
-1.5470
0.0000
7.0865
-9.1276
-4.4289
0.8029
-1.3603
-4.2806
5.6998
7.2149
2.9202
-6.5670
-1.9914
-6.4293
3.9406
-9.3533
-9.3108
-4.7486
8.0940
0.3089
2.5223
9.4397
-3.2228
-9.1735
0.9659
7.2873
-4.2698
4.5930
-0.9113
-5.8276
-0.1100
4.0588
-3.0069
1.2229
-4.2369
-2.6268
4.8120
-9.2327
-5.6380
3.0404
1.9530
-1.7381
-6.9643
0.9904
2.8790
5.9193
-2.0919
-6.6110
3.6462
-0.7293
4.6938
9.2388
4.7140
-6.1464
8.5131
0.0000
-8.2084
-7.1947
-4.0170
-0.2275
-6.9445
-2.7155
-1.6143
-0.1618
5.7414
-7.7692
-0.1083
0.3963
5.8235
7.4075
-5.4364
-7.5421
-8.6345
9.2775
8.1530
2.3753
-8.6600
5.7537
6.8655
4.8138
-7.9650
-3.9104
8.6439
-9.8469
-9.8231
7.8315
-8.8561
-0.3758
-7.4506
3.2201
1.3931
7.1590
-6.6100
8.4001
2.4888
6.0215
4.5576
-1.2175
-0.6639
3.4558
3.1072
6.4012
-2.5155
7.7304
6.9443
-9.1520
0.0000
0.9291
6.9875
3.6669
-9.7858
8.9507
0.8032
1.7298
7.9325
-1.2717
-2.9605
2.7381
8.4310
-6.7938
-6.8470
8.9605
-1.2761
4.6427
-9.2662
0.0000
-2.2540
-1.4294
5.6296
2.2415
-2.8532
6.3587
-4.1996
2.6354
8.2345
-1.4213
-5.5020
8.6247
-0.6772
0.0000
-6.6264
-2.6725
2.4707
-8.6931
3.4404
-3.8369
3.4203
9.8765
0.5246
0.9690
-2.3757
0.6771
3.8768
-2.6689
-1.8342
2.7820
2.6166
5.1712
5.8928
-7.3849
-4.1181
-9.0578
2.5446
-5.5927
-1.0112
7.5889
-4.8646
4.4489
5.8795
5.9110
6.8873
-4.1832
8.2971
-4.4186
-5.0320
0.8162
5.0453
-8.0222
-7.9630
3.4942
-9.4934
-9.1381
-9.3209
0.6328
-9.6567
8.4122
-8.1198
-8.5218
3.3343
0.4743
-1.4851
0.0000
6.8566
5.7417
2.0612
-7.6426
3.0686
-4.4303
-2.4447
7.0252
-0.6227
-8.8908
-4.9915
4.7826
0.7011
-1.7501
9.4503
1.7678
1.2924
-0.8080
-3.0278
7.0840
7.2288
9.9309
6.5633
-4.0203
-5.2002
0.3907
-3.4040
2.0777
5.3108
-1.4959
-5.5398
3.1284
4.1645
-5.8271
0.7062
-4.1929
-0.0954
9.7135
-7.8450
2.8907
4.2835
-4.4001
5.7353
-6.5605
-9.9032
-3.3971
3.4894
-8.2674
10.0027
4.1586
9.0501
-2.1950
-2.1616
4.6027
-8.7578
-4.2071
-3.0533
2.1989
5.9904
4.0975
-0.6437
6.6050
-5.7794
7.6651
4.2838
-3.2208
5.5118
0.6931
-8.3981
-9.3300
-9.9671
-1.6704
-0.9944
8.7102
9.5006
-3.4686
7.4934
8.8566
-0.3004
1.0045
1.3144
0.0000
-2.9778
-8.2539
7.3550
8.3622
0.0967
8.8432
-7.4161
5.9177
4.6596
-8.1616
3.1102
-5.1349
-3.6219
-7.2314
8.8188
2.8254
-7.0788
-7.6791
-2.9825
6.1387
-6.0577
5.4668
9.1516
-9.6934
-1.3026
8.9664
4.2218
-5.7014
8.7187
3.8648
-1.1441
8.5133
9.7170
-1.1455
8.5124
-9.6688
5.2573
0.2607
-4.7791
-9.6638
-9.0638
1.7041
2.8580
0.0000
-9.2605
1.0133
-9.3623
-2.0880
-1.0670
9.0683
2.1083
8.8623
-3.2875
-2.8920
-8.2986
5.3970
8.8055
-7.9575
-7.9145
0.0000
5.6568
-8.4131
-4.7515
1.3816
-2.9011
3.1396
-3.4217
2.3688
7.5170
-1.2106
7.0930
5.6429
5.1419
1.0337
8.9785
-5.3757
-7.5312
-6.9945
-9.3562
4.1481
-1.1097
5.8664
9.1060
5.8130
3.5978
6.2172
-6.8716
5.8251
0.0000
5.5332
-1.4513
-8.9502
-6.5536
-2.5491
-4.0344
-5.4401
2.1689
7.7524
-9.3469
4.4953
-9.2288
1.1645
3.5386
-2.9450
0.9024
-8.6038
-9.1596
8.1074
-7.8621
-6.0060
-8.4073
3.7388
4.3120
0.7745
2.9606
0.5220
-4.2217
6.5648
4.9240
-2.5097
9.2484
8.5868
-2.0804
-0.7108
-9.7738
-5.0200
8.9242
-9.0762
9.1482
8.0188
9.2376
9.8027
8.2940
-4.9116
-4.6234
-2.6705
-3.4987
5.0857
9.0713
9.7705
-3.2315
7.9578
-9.2400
-0.3674
1.2026
-5.5260
4.8147
-6.0972
0.5621
-8.1990
-9.6389
0.8382
-5.1166
0.3929
-7.2155
-4.6721
1.0214
7.9919
5.9196
3.9721
-1.3467
-5.0104
2.3840
5.2212
-8.4299
-9.4099
4.4617
-2.9107
-1.0053
-0.9622
2.9124
-7.4565
-0.5217
3.9880
-0.3795
8.9112
2.2732
-8.6439
0.0000
0.0000
-8.7239
-1.0794
8.5270
-2.6299
9.2091
2.2270
-5.9118
7.0507
6.8215
-1.7815
9.9979
-8.6927
2.0014
-2.7801
-1.0961
-5.7069
2.0765
5.4144
1.4323
0.0000
-5.3294
-8.3960
-3.7618
-8.8429
5.6943
-9.2381
-2.5619
1.5580
4.4782
6.1739
6.9402
0.0738
-2.1467
2.3821
-9.6001
-7.2011
6.5934
5.4511
-8.6309
-5.4271
1.1827
-5.2936
2.8102
-5.7381
-4.0288
-9.5688
9.2666
-2.5127
-6.5993
2.0254
-3.1117
2.7612
6.3611
-5.4353
-1.2618
-8.6255
3.5554
9.2500
-2.1807
-4.4014
7.8659
-6.7869
-7.9718
-0.5015
-9.7301
-0.8794
-1.9849
-3.6758
9.4729
4.6845
4.8339
0.0000
5.9944
-5.9154
8.8444
3.0525
7.3426
-7.8573
1.6053
3.3814
-1.8719
3.0846
-3.9939
-4.5442
7.2417
8.1168
-6.3785
-8.6793
4.8673
-3.9971
1.7824
0.0000
8.1733
4.5588
-1.8748
-4.5081
-5.3648
5.0918
3.9311
-5.5985
3.5127
-9.4985
-6.3152
-2.6240
0.0000
9.6709
-2.3937
-9.2284
-5.6719
0.0000
-0.3701
2.2143
5.0029
3.8682
8.0852
-6.0587
4.3727
8.3527
-7.0184
-1.8491
-1.9944
-1.3073
-6.9495
-6.1241
6.4027
-7.0383
-2.9910
-2.3568
-1.7301
9.2999
1.6518
2.8900
-6.4774
-3.9845
-1.6147
-5.5976
-1.2848
-2.2193
-0.5434
-8.1421
7.5969
0.2365
-7.0915
-5.7452
-8.8582
-6.7361
-4.6071
-0.2957
-3.2563
-4.2952
-8.8111
-4.8208
3.5139
-8.9959
-3.1382
0.0000
1.5352
-0.8744
-2.4147
-3.4432
9.9140
-6.6839
4.4186
0.0000
-3.0880
-7.4710
-7.5876
-8.8891
4.9818
-9.5330
4.7300
-5.0367
-4.0833
8.3416
7.2337
-0.7050
0.6110
1.6459
4.6979
3.3484
6.7158
9.8977
-8.5341
-2.0878
9.6168
-6.8241
0.5875
-6.3365
8.0330
0.0000
-7.2765
-9.3196
-6.6070
6.1236
3.1759
-9.0416
-3.9334
5.5201
-9.3864
-1.3526
2.3293
13.7038
-4.7356
8.7880
9.0001
3.0872
-5.9693
9.3643
9.4341
-6.8634
5.6055
-8.7402
7.6948
-1.0836
-0.5566
5.3316
1.9098
5.1181
-2.0290
-9.8666
-9.3989
-6.5562
8.4075
-7.0056
6.3193
-2.8014
-8.0489
5.4849
4.9837
-5.7629
-8.1067
5.4167
-7.8218
4.1028
9.1587
-4.4671
7.7731
-4.8583
1.0742
-3.7365
0.9932
9.5369
-0.4815
0.5643
3.4133
5.6347
-7.9167
-6.5610
0.5482
5.5125
2.9251
0.6202
-8.6997
4.1410
-3.4477
-4.2168
5.9815
-6.8807
-1.6435
5.5791
-2.1639
-9.6957
3.6152
7.6065
9.6241
-7.4527
9.4634
-3.9821
-5.8524
4.1065
-1.7170
3.3959
-7.0606
-2.6278
-0.2087
1.0044
-8.2184
3.5612
2.8892
7.9581
2.9454
-3.0784
8.4756
8.0574
9.3292
1.7647
-1.4765
7.5620
3.9544
0.0000
8.5267
0.0000
9.0965
-9.7759
0.3849
-9.9949
2.3219
-4.2462
8.5978
-2.3937
-9.5200
-8.8239
4.7056
-5.5726
2.2630
6.9229
-8.6255
8.2123
-5.8949
8.4362
-6.5422
2.2000
2.8849
-2.5397
3.7584
6.9090
-4.6839
3.4559
5.8685
-0.8375
5.3154
2.0318
-5.8408
-0.1992
4.2146
-4.7355
-1.0161
3.2921
6.3189
3.8786
-2.7845
-5.2839
-8.5902
0.0000
-7.5382
-8.8375
-2.6079
-0.4690
-3.6065
5.0029
-0.3364
-1.2513
5.2981
0.0000
-1.0638
-7.7118
0.5106
9.5157
-5.7702
-5.2906
0.9652
-8.6550
8.3590
6.3098
3.3761
9.0367
7.9063
2.6059
-8.7494
2.4953
5.1093
4.9236
-2.4939
8.1069
-8.8282
-6.9516
0.0000
-9.1404
-6.3118
